   Measure:       mean:   variance:
      mean:   -0.00001    0.00000
       med:    0.00044    0.00019
       z_r:    0.00076    0.00058
      z_tr:   -0.00002    0.00000
       z_q:    0.00119    0.00142
