   Measure:       mean:   variance:
      mean:    0.00003    0.00000
       med:   -0.00309    0.00957
       z_r:    0.00777    0.06024
      z_tr:   -0.00025    0.00006
       z_q:   -0.00112    0.00125
