   Measure:       mean:   variance:
      mean:    0.00008    0.00001
       med:    0.00038    0.00014
       z_r:    0.00098    0.00096
      z_tr:   -0.00014    0.00002
       z_q:    0.00111    0.00124
