   Measure:       mean:   variance:
      mean:   -0.00003    0.00000
       med:   -0.00098    0.00096
       z_r:   -0.00071    0.00050
      z_tr:    0.00001    0.00000
       z_q:    0.00027    0.00007
