   Measure:       mean:   variance:
      mean:    0.00004    0.00000
       med:   -0.00223    0.00496
       z_r:   -0.00023    0.00005
      z_tr:    0.00004    0.00000
       z_q:   -0.00018    0.00003
