   Measure:       mean:   variance:
      mean:    0.00001    0.00000
       med:   -0.00016    0.00003
       z_r:    0.00141    0.00198
      z_tr:   -0.00000    0.00000
       z_q:    0.00028    0.00008
