   Measure:       mean:   variance:
      mean:    0.00112    0.00126
       med:   -0.00048    0.00023
       z_r:    0.01115    0.12423
      z_tr:    0.00015    0.00002
       z_q:    0.00009    0.00001
