   Measure:       mean:   variance:
      mean:    0.00004    0.00000
       med:   -0.00029    0.00009
       z_r:    0.00166    0.00276
      z_tr:    0.00002    0.00000
       z_q:   -0.00014    0.00002
