   Measure:       mean:   variance:
      mean:    0.00001    0.00000
       med:    0.00025    0.00006
       z_r:    0.00071    0.00051
      z_tr:    0.00001    0.00000
       z_q:    0.00037    0.00014
