   Measure:       mean:   variance:
      mean:   -0.00002    0.00000
       med:    0.00087    0.00076
       z_r:   -0.00154    0.00236
      z_tr:    0.00001    0.00000
       z_q:   -0.00011    0.00001
