   Measure:       mean:   variance:
      mean:   -0.00000    0.00000
       med:   -0.00151    0.00227
       z_r:    0.00064    0.00041
      z_tr:    0.00000    0.00000
       z_q:   -0.00147    0.00216
