   Measure:       mean:   variance:
      mean:   -0.00007    0.00001
       med:    0.00099    0.00097
       z_r:   -0.00066    0.00043
      z_tr:    0.00003    0.00000
       z_q:   -0.00103    0.00107
