   Measure:       mean:   variance:
      mean:    0.00001    0.00000
       med:    0.00120    0.00144
       z_r:    0.00007    0.00000
      z_tr:    0.00001    0.00000
       z_q:    0.00030    0.00009
