   Measure:       mean:   variance:
      mean:    0.00001    0.00000
       med:    0.00088    0.00077
       z_r:    0.00056    0.00031
      z_tr:   -0.00002    0.00000
       z_q:   -0.00158    0.00251
