   Measure:       mean:   variance:
      mean:    0.00003    0.00000
       med:   -0.00043    0.00018
       z_r:    0.00158    0.00249
      z_tr:    0.00000    0.00000
       z_q:    0.00013    0.00002
