   Measure:       mean:   variance:
      mean:   -0.00002    0.00000
       med:   -0.00035    0.00012
       z_r:   -0.00017    0.00003
      z_tr:    0.00008    0.00001
       z_q:    0.00072    0.00051
