   Measure:       mean:   variance:
      mean:    0.00000    0.00000
       med:    0.00134    0.00180
       z_r:   -0.00025    0.00006
      z_tr:   -0.00002    0.00000
       z_q:   -0.00022    0.00005
