   Measure:       mean:   variance:
      mean:   -0.00000    0.00000
       med:    0.00060    0.00036
       z_r:    0.00009    0.00001
      z_tr:   -0.00004    0.00000
       z_q:   -0.00072    0.00051
