   Measure:       mean:   variance:
      mean:   -0.00001    0.00000
       med:    0.00005    0.00000
       z_r:    0.00089    0.00079
      z_tr:   -0.00000    0.00000
       z_q:    0.00033    0.00011
