   Measure:       mean:   variance:
      mean:   -0.00006    0.00000
       med:    0.00067    0.00045
       z_r:   -0.00007    0.00000
      z_tr:    0.00004    0.00000
       z_q:    0.00004    0.00000
