   Measure:       mean:   variance:
      mean:    0.00001    0.00000
       med:    0.00168    0.00282
       z_r:    0.00056    0.00032
      z_tr:   -0.00003    0.00000
       z_q:   -0.00053    0.00028
