   Measure:       mean:   variance:
      mean:    0.00002    0.00000
       med:    0.00054    0.00029
       z_r:    0.00043    0.00018
      z_tr:    0.00002    0.00000
       z_q:    0.00037    0.00014
