   Measure:       mean:   variance:
      mean:    0.00001    0.00000
       med:    0.00042    0.00018
       z_r:    0.00073    0.00053
      z_tr:    0.00000    0.00000
       z_q:    0.00045    0.00020
