   Measure:       mean:   variance:
      mean:    0.00003    0.00000
       med:    0.00059    0.00035
       z_r:    0.00068    0.00046
      z_tr:    0.00005    0.00000
       z_q:    0.00078    0.00060
