   Measure:       mean:   variance:
      mean:    0.00002    0.00000
       med:    0.00030    0.00009
       z_r:    0.00042    0.00018
      z_tr:    0.00005    0.00000
       z_q:    0.00086    0.00073
