   Measure:       mean:   variance:
      mean:    0.00000    0.00000
       med:    0.00065    0.00042
       z_r:    0.00042    0.00017
      z_tr:    0.00000    0.00000
       z_q:    0.00054    0.00029
